13 2 KK
10 4 4489
9 3 TTJ
8 2 9K
8 3 869
7 2 5Q
6 1 9
6 1 T
6 2 49
6 2 6J
6 2 KQ
6 2 QA
6 2 QT
6 3 86J
5 2 64
5 2 Q8
5 4 68Q5
4 2 65
4 2 KT
4 2 QJ
4 3 KQT
4 4 JQKT
3 1 6
3 2 66
3 2 88
3 2 9A
3 3 3QK
3 3 69T
3 3 889
3 3 8Q5
3 3 8QJ
3 3 J83
3 3 T89
3 4 4897
3 4 656A
3 5 44469
3 5 8Q74K
2 1 8
2 2 4K
2 2 77
2 2 K4
2 3 343
2 3 649
2 3 729
2 3 847
2 3 89T
2 3 8JQ
2 3 8JT
2 3 8KQ
2 3 8Q8
2 3 JTK
2 3 QQ8
2 3 QQJ
2 4 849A
2 4 A573
2 4 ATQ5
2 4 T98J
2 5 864QT
2 6 98QKAT
1 1 Q
1 2 25
1 2 27
1 2 4J
1 2 4T
1 2 63
1 2 7J
1 2 7Q
1 2 87
1 2 8A
1 2 8T
1 2 95
1 2 98
1 2 99
1 2 9T
1 2 A0
1 2 J5
1 2 J8
1 2 JJ
1 2 JQ
1 2 JT
1 2 Q5
1 2 Q9
1 2 T6
1 3 254
1 3 3TA
1 3 445
1 3 473
1 3 4A5
1 3 4KQ
1 3 54T
1 3 626
1 3 64T
1 3 66T
1 3 689
1 3 69Q
1 3 6AA
1 3 6KT
1 3 76T
1 3 778
1 3 838
1 3 845
1 3 866
1 3 923
1 3 926
1 3 933
1 3 94T
1 3 968
1 3 97K
1 3 9QJ
1 3 A25
1 3 A3Q
1 3 A43
1 3 A45
1 3 A69
1 3 J33
1 3 J57
1 3 J74
1 3 J79
1 3 J84
1 3 JKT
1 3 JQ5
1 3 K3A
1 3 K8T
1 3 KKQ
1 3 Q94
1 3 QQK
1 3 QTT
1 3 T48
1 3 T66
1 3 T6J
1 3 T88
1 3 TJT
1 3 TQ5
1 4 4A95
1 4 5TQT
1 4 658T
1 4 6JKT
1 4 6K6K
1 4 78Q5
1 4 864T
1 4 8KQT
1 4 8QTT
1 4 8T4T
1 4 9466
1 4 946T
1 4 966T
1 4 9JQJ
1 4 9K9K
1 4 9TQT
1 4 A3QT
1 4 J57Q
1 4 J663
1 4 J88A
1 4 J9KT
1 4 Q3Q3
1 4 Q683
1 4 Q6Q6
1 4 Q7Q7
1 4 Q8Q8
1 4 QJ2A
1 4 QKT6
1 4 TA75
1 5 4QKAT
1 5 596AT
1 5 84Q3T
1 5 866TT
1 5 8KJAT
1 5 8T7A4
1 5 96QTT
1 5 984QT
1 5 9876J
1 5 A3A69
1 5 A5625
1 5 A5769
1 5 J7649
1 5 KJQAT
1 5 KQA2J
1 5 KQQJT
1 5 KTQAT
1 5 QJT4A
1 6 446464
1 6 489489
1 6 4A2TAT
1 6 4QQJAT
1 6 4T78Q5
1 6 643643
1 6 864QAT
1 6 8QQKAT
1 6 8QT64T
1 6 98QTAT
1 6 A2JT4A
1 6 QJ736A
1 7 428Q74K
1 7 63KTQAT
1 7 66KQ8TK
1 7 8QTK47T
1 7 QJ46KQ5
1 8 7QTKQJTK
1 14 294Q685JT86A27
